2.48	2.5003
2.44	2.5002
2.42	2.5002
2.47	2.5001
2.46	2.5001
2.47	2.5001
2.46	2.5
2.45	2.5
2.48	2.5
2.44	2.4999
2.51	2.4999
2.49	2.4999
2.45	2.4999
2.51	2.4999
2.47	2.4999
2.46	2.4998
2.47	2.4998
2.45	2.4998
2.49	2.4997
2.44	2.4997
2.48	2.4997
2.5	2.4997
2.49	2.4997
2.46	2.4996
2.51	2.4996
2.43	2.4996
2.54	2.4996
2.47	2.4996
2.44	2.4995
2.5	2.4995
2.47	2.4995
2.45	2.4995
2.49	2.4995
2.45	2.4994
2.47	2.4994
2.47	2.4994
2.46	2.4993
2.45	2.4993
2.45	2.4992
2.51	2.4992
2.45	2.4992
2.44	2.4991
2.5	2.4991
2.48	2.4991
2.44	2.4991
2.47	2.499
2.47	2.499
2.47	2.499
2.44	2.4989
2.43	2.4989
2.48	2.4989
2.51	2.4989
2.48	2.4989
2.4	2.4988
2.48	2.4988
2.49	2.4987
2.51	2.4988
2.44	2.4987
2.5	2.4987
2.44	2.4987
2.46	2.4986
2.49	2.4986
2.48	2.4986
2.45	2.4985
2.46	2.4985
2.44	2.4985
2.48	2.4984
2.45	2.4984
2.49	2.4984
2.47	2.4984
2.45	2.4983
2.45	2.4983
2.48	2.4983
2.47	2.4982
2.48	2.4982
2.46	2.4982
2.46	2.4982
2.45	2.4981
2.45	2.4981
2.5	2.4981
2.46	2.498
2.46	2.498
2.45	2.498
2.46	2.4979
2.48	2.4979
2.52	2.4979
2.51	2.4979
2.46	2.4979
2.5	2.4979
2.47	2.4979
2.48	2.4979
2.48	2.4979
2.5	2.4979
2.51	2.4979
2.45	2.4978
2.56	2.4979
2.46	2.4978
2.47	2.4978
2.48	2.4978
2.43	2.4977
2.46	2.4977
2.45	2.4977
2.46	2.4976
2.47	2.4976
2.49	2.4976
2.45	2.4976
2.42	2.4975
2.41	2.4974
2.41	2.4973
2.44	2.4973
2.46	2.4973
2.47	2.4972
2.48	2.4972
2.44	2.4972
2.49	2.4972
2.55	2.4972
2.45	2.4972
2.46	2.4971
2.51	2.4971
2.47	2.4971
2.51	2.4971
2.44	2.4971
2.44	2.497
2.47	2.497
2.43	2.4969
2.44	2.4969
2.48	2.4969
2.45	2.4968
2.47	2.4968
2.46	2.4968
2.45	2.4967
2.48	2.4967
2.47	2.4967
2.45	2.4967
2.45	2.4966
2.47	2.4966
2.45	2.4966
2.47	2.4965
2.51	2.4965
2.5	2.4965
2.43	2.4965
2.45	2.4964
2.46	2.4964
2.44	2.4964
2.5	2.4964
2.49	2.4964
2.49	2.4964
2.46	2.4963
2.45	2.4963
2.46	2.4963
2.44	2.4962
2.48	2.4962
2.5	2.4962
2.44	2.4961
2.44	2.4961
2.47	2.4961
2.47	2.496
2.51	2.4961
2.48	2.496
2.5	2.496
2.43	2.496
2.45	2.4959
2.45	2.4959
2.42	2.4958
2.49	2.4958
2.46	2.4958
2.48	2.4958
2.46	2.4958
2.45	2.4957
2.49	2.4957
2.49	2.4957
2.48	2.4957
2.49	2.4957
2.5	2.4957
2.48	2.4957
2.43	2.4956
2.44	2.4956
2.44	2.4955
2.51	2.4955
2.48	2.4955
2.47	2.4955
2.51	2.4955
2.43	2.4955
2.47	2.4954
2.52	2.4955
2.53	2.4955
2.46	2.4955
2.47	2.4954
2.45	2.4954
2.54	2.4954
2.42	2.4954
2.48	2.4954
2.49	2.4954
2.45	2.4953
2.51	2.4953
2.4	2.4952
2.47	2.4952
2.42	2.4952
2.45	2.4951
2.45	2.4951
2.48	2.4951
2.47	2.495
2.5	2.495
2.45	2.495
2.45	2.495
2.47	2.4949
2.49	2.4949
2.46	2.4949
2.41	2.4948
2.41	2.4948
2.49	2.4948
2.47	2.4947
2.46	2.4947
2.45	2.4947
2.42	2.4946
2.48	2.4946
2.5	2.4946
2.47	2.4946
2.45	2.4945
2.46	2.4945
2.45	2.4945
2.43	2.4944
2.48	2.4944
2.5	2.4944
2.48	2.4944
2.45	2.4944
2.5	2.4944
2.45	2.4943
2.49	2.4943
2.45	2.4943
2.51	2.4943
2.44	2.4942
2.45	2.4942
2.41	2.4941
2.51	2.4941
2.48	2.4941
2.48	2.4941
2.46	2.4941
2.47	2.4941
2.47	2.4941
2.47	2.494
2.43	2.494
2.53	2.494
2.49	2.494
2.48	2.494
2.47	2.494
2.44	2.4939
2.43	2.4939
2.48	2.4939
2.5	2.4939
2.44	2.4938
2.45	2.4938
2.47	2.4938
2.44	2.4937
2.45	2.4937
2.48	2.4937
2.48	2.4936
2.49	2.4936
2.44	2.4936
2.49	2.4936
2.46	2.4936
2.42	2.4935
2.47	2.4935
2.44	2.4934
2.55	2.4935
2.44	2.4934
2.49	2.4934
2.44	2.4934
2.42	2.4933
2.44	2.4933
2.46	2.4933
2.48	2.4932
2.45	2.4932
2.47	2.4932
2.44	2.4931
2.5	2.4931
2.49	2.4931
2.44	2.4931
2.52	2.4931
2.44	2.4931
2.44	2.493
2.47	2.493
2.44	2.493
2.49	2.493
2.47	2.4929
2.43	2.4929
2.49	2.4929
2.48	2.4929
2.48	2.4929
2.51	2.4929
2.43	2.4928
2.51	2.4928
2.43	2.4928
2.5	2.4928
2.48	2.4928
2.44	2.4927
2.43	2.4927
2.45	2.4926
2.49	2.4926
2.47	2.4926
2.44	2.4926
2.43	2.4925
2.47	2.4925
2.45	2.4925
2.49	2.4925
2.44	2.4924
2.51	2.4924
2.49	2.4924
2.49	2.4924
2.52	2.4925
2.47	2.4924
2.45	2.4924
2.49	2.4924
2.47	2.4924
2.46	2.4924
2.48	2.4923
2.51	2.4924
2.51	2.4924
2.44	2.4923
2.47	2.4923
2.44	2.4923
2.49	2.4923
2.43	2.4922
2.52	2.4922
2.44	2.4922
2.43	2.4921
2.46	2.4921
2.47	2.4921
2.44	2.492
2.45	2.492
2.45	2.492
2.47	2.492
2.49	2.492
2.5	2.492
2.43	2.4919
2.45	2.4919
2.45	2.4918
2.42	2.4918
2.43	2.4917
2.44	2.4917
2.43	2.4916
2.5	2.4916
2.44	2.4916
2.4	2.4915
2.44	2.4915
2.44	2.4914
2.47	2.4914
2.46	2.4914
2.42	2.4913
2.4	2.4912
2.51	2.4913
2.48	2.4913
2.44	2.4912
2.44	2.4912
2.41	2.4911
2.42	2.491
2.47	2.491
2.5	2.491
2.46	2.491
2.41	2.4909
2.44	2.4909
2.49	2.4909
2.51	2.4909
2.49	2.4909
2.48	2.4909
2.43	2.4908
2.44	2.4908
2.49	2.4908
2.5	2.4908
2.45	2.4908
2.45	2.4907
2.51	2.4908
2.46	2.4907
2.44	2.4907
2.48	2.4907
2.52	2.4907
2.49	2.4907
2.44	2.4907
2.45	2.4906
2.48	2.4906
2.49	2.4906
2.5	2.4906
2.46	2.4906
2.48	2.4906
2.5	2.4906
2.44	2.4906
2.48	2.4905
2.41	2.4905
2.49	2.4905
2.5	2.4905
2.5	2.4905
2.49	2.4905
2.52	2.4905
2.52	2.4905
2.47	2.4905
2.46	2.4905
2.46	2.4905
2.45	2.4904
2.45	2.4904
2.49	2.4904
2.49	2.4904
2.49	2.4904
2.42	2.4903
2.5	2.4904
2.46	2.4903
2.42	2.4903
2.46	2.4902
2.53	2.4903
2.53	2.4903
2.46	2.4903
2.46	2.4903
2.49	2.4903
2.45	2.4902
2.48	2.4902
2.47	2.4902
2.46	2.4902
2.44	2.4901
2.46	2.4901
2.45	2.4901
2.44	2.49
2.5	2.49
2.51	2.4901
2.4	2.49
2.43	2.4899
2.46	2.4899
2.46	2.4899
2.44	2.4898
2.44	2.4898
2.44	2.4898
2.46	2.4897
2.46	2.4897
2.5	2.4897
2.45	2.4897
2.46	2.4897
2.49	2.4897
2.43	2.4896
2.44	2.4896
2.48	2.4896
2.52	2.4896
2.52	2.4896
2.44	2.4896
2.48	2.4896
2.51	2.4896
2.46	2.4896
2.43	2.4895
2.5	2.4895
2.44	2.4895
2.44	2.4894
2.47	2.4894
2.47	2.4894
2.49	2.4894
2.46	2.4894
2.47	2.4894
2.43	2.4893
2.46	2.4893
2.54	2.4893
2.44	2.4893
2.45	2.4893
2.42	2.4892
2.51	2.4892
2.5	2.4892
2.51	2.4892
2.45	2.4892
2.51	2.4892
2.51	2.4892
2.43	2.4892
2.44	2.4892
2.46	2.4891
2.49	2.4891
2.44	2.4891
2.48	2.4891
2.44	2.489
2.48	2.489
2.49	2.489
2.53	2.4891
2.5	2.4891
2.4	2.489
2.47	2.489
2.46	2.489
2.45	2.4889
2.44	2.4889
2.45	2.4889
2.46	2.4888
2.46	2.4888
2.43	2.4888
2.49	2.4888
2.57	2.4888
2.46	2.4888
2.39	2.4887
2.5	2.4887
2.46	2.4887
2.44	2.4887
2.44	2.4886
2.47	2.4886
2.45	2.4886
2.51	2.4886
2.44	2.4886
2.49	2.4886
2.48	2.4886
2.47	2.4885
2.49	2.4885
2.47	2.4885
2.44	2.4885
2.41	2.4884
2.44	2.4884
2.49	2.4884
2.47	2.4884
2.44	2.4883
2.46	2.4883
2.48	2.4883
2.51	2.4883
2.45	2.4883
2.51	2.4883
2.48	2.4883
2.46	2.4883
2.5	2.4883
2.43	2.4882
2.44	2.4882
2.49	2.4882
2.46	2.4882
2.46	2.4881
2.44	2.4881
2.45	2.4881
2.45	2.488
2.44	2.488
2.45	2.488
2.47	2.488
2.5	2.488
2.49	2.488
2.46	2.4879
2.47	2.4879
2.45	2.4879
2.46	2.4879
2.44	2.4878
2.44	2.4878
2.5	2.4878
2.52	2.4878
2.47	2.4878
2.49	2.4878
2.46	2.4878
2.49	2.4878
2.44	2.4878
2.44	2.4877
2.51	2.4877
2.44	2.4877
2.47	2.4877
2.45	2.4877
2.5	2.4877
2.47	2.4877
2.45	2.4876
2.44	2.4876
2.5	2.4876
2.43	2.4875
2.46	2.4875
2.44	2.4875
2.48	2.4875
2.48	2.4875
2.47	2.4875
2.49	2.4875
2.43	2.4874
2.51	2.4874
2.46	2.4874
2.44	2.4874
2.45	2.4873
2.46	2.4873
2.46	2.4873
2.51	2.4873
2.48	2.4873
2.44	2.4873
2.46	2.4873
2.4	2.4872
2.47	2.4872
2.47	2.4872
2.5	2.4872
2.52	2.4872
2.46	2.4872
2.49	2.4872
2.44	2.4871
2.48	2.4871
2.48	2.4871
2.44	2.4871
2.49	2.4871
2.51	2.4871
2.42	2.4871
2.52	2.4871
2.46	2.4871
2.46	2.487
2.45	2.487
2.43	2.487
2.51	2.487
2.46	2.487
2.45	2.4869
2.53	2.487
2.47	2.4869
2.44	2.4869
2.4	2.4868
2.45	2.4868
2.44	2.4868
2.48	2.4868
2.45	2.4867
2.41	2.4867
2.45	2.4866
2.47	2.4866
2.44	2.4866
2.47	2.4866
2.51	2.4866
2.46	2.4866
2.38	2.4865
2.5	2.4865
2.48	2.4865
2.45	2.4865
2.39	2.4864
2.48	2.4864
2.49	2.4864
2.5	2.4864
2.5	2.4864
2.44	2.4864
2.48	2.4864
2.46	2.4863
2.5	2.4864
2.44	2.4863
2.43	2.4863
2.44	2.4862
2.44	2.4862
2.48	2.4862
2.51	2.4862
2.51	2.4862
2.48	2.4862
2.45	2.4862
2.51	2.4862
2.46	2.4862
2.42	2.4861
2.39	2.4861
2.47	2.4861
2.48	2.486
2.42	2.486
2.45	2.486
2.5	2.486
2.44	2.4859
2.46	2.4859
2.43	2.4859
2.43	2.4858
2.43	2.4858
2.48	2.4858
2.52	2.4858
2.47	2.4858
2.48	2.4858
2.44	2.4858
2.46	2.4857
2.5	2.4857
2.49	2.4857
2.44	2.4857
2.46	2.4857
2.47	2.4857
2.44	2.4856
2.52	2.4857
2.46	2.4856
2.46	2.4856
2.44	2.4856
2.43	2.4855
2.48	2.4855
2.41	2.4855
2.45	2.4855
2.46	2.4854
2.47	2.4854
2.48	2.4854
2.48	2.4854
2.47	2.4854
2.48	2.4854
2.49	2.4854
2.47	2.4854
2.46	2.4854
2.46	2.4853
2.49	2.4854
2.44	2.4853
2.45	2.4853
2.45	2.4853
2.46	2.4852
2.48	2.4852
2.47	2.4852
2.43	2.4852
2.44	2.4851
2.45	2.4851
2.47	2.4851
2.45	2.4851
2.49	2.4851
2.53	2.4851
2.43	2.4851
2.49	2.4851
2.44	2.485
2.45	2.485
2.44	2.485
2.45	2.4849
2.42	2.4849
2.42	2.4848
2.41	2.4848
2.48	2.4848
2.48	2.4848
2.47	2.4848
2.49	2.4848
2.44	2.4847
2.51	2.4848
2.5	2.4848
2.44	2.4847
2.44	2.4847
2.46	2.4847
2.45	2.4846
2.46	2.4846
2.43	2.4846
2.5	2.4846
2.45	2.4846
2.49	2.4846
2.5	2.4846
2.52	2.4846
2.44	2.4846
2.44	2.4845
2.5	2.4846
2.45	2.4845
2.43	2.4845
2.5	2.4845
2.43	2.4845
2.44	2.4844
2.48	2.4844
2.43	2.4844
2.47	2.4844
2.43	2.4843
2.47	2.4843
2.52	2.4843
2.45	2.4843
2.47	2.4843
2.49	2.4843
2.45	2.4843
2.49	2.4843
2.48	2.4843
2.51	2.4843
2.5	2.4843
2.5	2.4843
2.48	2.4843
2.44	2.4843
2.47	2.4843
2.42	2.4842
2.45	2.4842
2.43	2.4842
2.4	2.4841
2.5	2.4841
2.45	2.4841
2.44	2.484
2.49	2.484
2.47	2.484
2.51	2.4841
2.44	2.484
2.49	2.484
2.44	2.484
2.41	2.4839
2.49	2.4839
2.42	2.4839
2.49	2.4839
2.47	2.4839
2.43	2.4838
2.41	2.4838
2.45	2.4838
2.46	2.4837
2.44	2.4837
2.42	2.4836
2.51	2.4837
2.43	2.4836
2.46	2.4836
2.49	2.4836
2.44	2.4836
2.5	2.4836
2.4	2.4835
2.45	2.4835
2.43	2.4835
2.43	2.4834
2.46	2.4834
2.5	2.4834
2.44	2.4834
2.48	2.4834
2.47	2.4834
2.48	2.4834
2.53	2.4834
2.47	2.4834
2.44	2.4834
2.44	2.4833
2.44	2.4833
2.45	2.4833
2.46	2.4832
2.5	2.4833
2.5	2.4833
2.49	2.4833
2.49	2.4833
2.46	2.4833
2.47	2.4833
2.46	2.4832
2.47	2.4832
2.44	2.4832
2.47	2.4832
2.42	2.4831
2.51	2.4832
2.44	2.4831
2.43	2.4831
2.42	2.483
2.48	2.483
2.47	2.483
2.45	2.483
2.44	2.483
2.44	2.4829
2.44	2.4829
2.49	2.4829
2.48	2.4829
2.49	2.4829
2.44	2.4829
2.46	2.4828
2.46	2.4828
2.46	2.4828
2.5	2.4828
2.57	2.4829
2.48	2.4829
2.46	2.4829
2.49	2.4829
2.45	2.4829
2.44	2.4828
2.49	2.4828
2.51	2.4828
2.53	2.4829
2.5	2.4829
2.5	2.4829
2.45	2.4829
2.48	2.4829
2.47	2.4829
2.45	2.4828
2.43	2.4828
2.46	2.4828
2.49	2.4828
2.42	2.4827
2.45	2.4827
2.45	2.4827
2.48	2.4827
2.43	2.4827
2.45	2.4826
2.52	2.4827
2.43	2.4826
2.51	2.4826
2.47	2.4826
2.44	2.4826
2.49	2.4826
2.46	2.4826
2.43	2.4825
2.42	2.4825
2.47	2.4825
2.47	2.4825
2.45	2.4824
2.48	2.4824
2.44	2.4824
2.47	2.4824
2.46	2.4824
2.44	2.4824
2.47	2.4823
2.44	2.4823
2.44	2.4823
2.45	2.4823
2.52	2.4823
2.44	2.4823
2.49	2.4823
2.47	2.4822
2.47	2.4822
2.48	2.4822
2.51	2.4823
2.5	2.4823
2.45	2.4822
2.43	2.4822
2.42	2.4822
2.51	2.4822
2.43	2.4821
2.45	2.4821
2.45	2.4821
2.44	2.4821
2.43	2.482
2.45	2.482
2.46	2.482
2.47	2.482
2.44	2.4819
2.5	2.4819
2.52	2.482
2.44	2.4819
2.48	2.4819
2.49	2.482
2.45	2.4819
2.49	2.4819
2.48	2.4819
2.44	2.4819
2.44	2.4819
2.45	2.4818
2.49	2.4818
2.48	2.4818
2.43	2.4818
2.47	2.4818
2.5	2.4818
2.41	2.4818
2.44	2.4817
2.46	2.4817
2.44	2.4817
2.43	2.4816
2.47	2.4816
2.45	2.4816
2.5	2.4816
2.51	2.4816
2.43	2.4816
2.4	2.4815
2.44	2.4815
2.47	2.4815
2.46	2.4815
2.46	2.4815
2.51	2.4815
2.46	2.4815
2.51	2.4815
2.44	2.4815
2.47	2.4815
2.47	2.4814
2.44	2.4814
2.49	2.4814
2.44	2.4814
2.46	2.4814
2.44	2.4813
2.47	2.4813
2.47	2.4813
2.49	2.4813
2.4	2.4813
2.41	2.4812
2.46	2.4812
2.41	2.4811
2.49	2.4811
2.44	2.4811
2.43	2.4811
2.46	2.4811
2.43	2.481
2.48	2.481
2.49	2.481
2.46	2.481
2.49	2.481
2.5	2.481
2.51	2.4811
2.44	2.481
2.51	2.481
2.51	2.4811
2.45	2.481
2.44	2.481
2.45	2.481
2.51	2.481
2.49	2.481
2.49	2.481
2.42	2.481
2.48	2.481
2.43	2.4809
2.51	2.481
2.46	2.4809
2.5	2.481
2.46	2.4809
2.4	2.4809
2.4	2.4808
2.51	2.4808
2.44	2.4808
2.5	2.4808
2.49	2.4808
2.42	2.4808
2.48	2.4808
2.46	2.4808
2.44	2.4807
2.47	2.4807
2.49	2.4807
2.46	2.4807
2.46	2.4807
2.43	2.4807
2.47	2.4807
2.4	2.4806
2.39	2.4805
2.48	2.4805
2.48	2.4805
2.46	2.4805
2.42	2.4805
2.46	2.4805
2.44	2.4804
2.49	2.4804
2.46	2.4804
2.47	2.4804
2.51	2.4804
2.45	2.4804
2.47	2.4804
2.44	2.4804
2.45	2.4803
2.5	2.4804
2.47	2.4804
2.51	2.4804
2.47	2.4804
2.51	2.4804
2.43	2.4804
2.44	2.4803
2.47	2.4803
2.43	2.4803
2.46	2.4803
2.48	2.4803
2.54	2.4803
2.44	2.4803
2.43	2.4802
2.46	2.4802
2.47	2.4802
2.42	2.4802
2.48	2.4802
2.49	2.4802
2.45	2.4802
2.44	2.4801
2.47	2.4801
2.44	2.4801
2.48	2.4801
2.41	2.48
2.48	2.48
2.51	2.4801
2.4	2.48
2.47	2.48
2.46	2.48
2.46	2.48
2.42	2.4799
2.51	2.4799
2.44	2.4799
2.45	2.4799
2.44	2.4799
2.44	2.4798
2.46	2.4798
2.44	2.4798
2.46	2.4798
2.49	2.4798
2.44	2.4797
2.48	2.4797
2.49	2.4798
2.47	2.4797
2.48	2.4797
2.44	2.4797
2.49	2.4797
2.43	2.4797
2.47	2.4797
2.46	2.4797
2.46	2.4796
2.47	2.4796
2.44	2.4796
2.5	2.4796
2.45	2.4796
2.5	2.4796
2.53	2.4797
2.42	2.4796
2.5	2.4796
2.44	2.4796
2.46	2.4796
2.42	2.4795
2.43	2.4795
2.5	2.4795
2.48	2.4795
2.44	2.4795
2.46	2.4795
2.45	2.4795
2.45	2.4794
2.47	2.4794
2.47	2.4794
